1 10
1 10
1 10
3 10
1 10
1 10
3 10
1 10
1 10
3 10
3 10
3 10
1 10
3 10
1 11
1 11
1 11
3 11
1 11
1 11
3 11
1 11
1 11
3 11
1 11
1 11
3 11
3 11
3 11
1 11
3 11
1 12
1 12
1 12
3 12
1 12
1 12
3 12
1 12
1 12
3 12
1 12
1 12
3 12
3 12
3 12
1 12
3 12
1 13
1 13
1 13
3 13
1 13
1 13
3 13
3 13
3 13
1 13
3 13
1 14
1 14
1 14
3 14
1 14
1 14
3 14
3 14
3 14
1 14
3 14
1 15
1 15
1 15
3 15
1 15
1 15
3 15
1 15
1 15
3 15
3 15
3 15
1 15
3 15
1 16
1 16
1 16
1 16
3 16
1 16
1 16
3 16
1 16
1 16
3 16
3 16
3 16
1 16
3 16
1 17
1 17
1 17
1 17
3 17
1 17
1 17
3 17
3 17
3 17
1 17
3 17
1 18
1 18
1 18
1 18
3 18
1 18
1 18
3 18
3 18
3 18
1 18
3 18
1 20
1 20
1 20
3 20
1 20
1 20
3 20
1 21
1 21
1 21
3 21
3 21
1 22
1 22
1 22
3 22
1 22
3 22
1 23
1 23
1 23
3 23
2 23
3 23
1 24
1 24
1 24
3 24
3 24
1 26
1 26
3 26
1 26
1 26
3 26
3 26
3 26
1 26
3 26
1 27
2 27
3 27
3 27
2 27
3 27
1 27
3 27
3 27
3 27
1 27
3 27
2 27
3 27
3 27
3 27
2 27
3 27
1 27
3 27
3 27
3 27
1 27
3 27
2 27
3 27
3 27
3 27
1 27
3 27
2 27
3 27
3 27
3 28
1 30
1 30
3 30
1 30
1 30
3 30
3 30
3 30
1 30
3 30
1 31
3 31
2 31
3 31
1 31
3 31
3 31
3 31
1 31
3 31
2 31
3 31
3 31
3 32
1 34
1 34
3 34
1 34
1 34
3 34
3 34
3 34
1 34
3 34
1 35
2 35
3 35
3 35
1 35
3 35
2 35
3 35
3 35
3 35
1 35
3 35
2 35
3 35
3 35
3 35
1 35
3 35
2 35
3 35
3 35
3 35
1 35
3 35
2 35
3 35
3 35
3 36
1 38
1 38
3 38
1 38
1 38
3 38
3 38
3 38
1 38
3 38
1 39
2 39
3 39
3 39
1 39
3 39
2 39
3 39
3 39
3 39
1 39
3 39
2 39
3 39
3 39
3 39
1 39
3 39
2 39
3 39
3 39
3 39
1 39
3 39
2 39
3 39
3 39
3 40
1 42
1 42
3 42
1 42
1 42
3 42
3 42
3 42
1 42
3 42
1 43
2 43
3 43
3 43
1 43
3 43
2 43
3 43
3 43
3 43
1 43
3 43
2 43
3 43
3 43
3 43
1 43
3 43
2 43
3 43
3 43
3 43
1 43
3 43
2 43
3 43
3 43
3 43
1 43
3 43
2 43
3 43
3 43
3 43
1 43
3 43
2 43
3 43
3 43
3 43
1 43
3 43
2 43
3 43
3 43
3 43
1 43
3 43
2 43
3 43
3 43
3 43
1 43
3 43
2 43
3 43
3 43
3 43
1 43
3 43
2 43
3 43
3 43
3 43
1 43
3 43
2 43
3 43
3 43
3 43
1 43
3 43
2 43
3 43
3 43
3 43
1 43
3 43
2 43
3 43
3 43
3 43
1 43
3 43
2 43
3 43
3 43
3 44
1 46
1 46
3 46
1 46
1 46
3 46
3 46
3 46
1 46
3 46
1 47
1 47
3 47
2 47
3 47
1 48
3 48
2 48
3 48
1 48
3 48
2 48
3 48
3 48
1 49
2 49
3 49
3 50
1 51
1 51
1 51
3 51
1 51
3 51
1 52
1 52
1 52
3 52
2 52
3 52
1 53
1 53
3 53
2 53
3 53
1 54
3 54
1 54
3 54
2 54
3 54
1 55
1 55
1 55
3 55
1 55
3 55
2 55
3 55
1 56
3 56
1 56
3 56
1 56
3 56
1 56
3 56
2 56
3 56
3 56
1 57
3 57
1 57
3 57
2 57
3 57
3 58
1 59
3 59
2 59
3 59
1 59
3 59
1 59
3 59
2 59
3 59
1 59
3 59
3 59
1 60
2 60
3 60
3 61
1 63
1 63
3 63
1 63
1 63
3 63
1 63
1 63
3 63
3 63
3 63
1 63
3 63
1 64
3 64
1 64
3 64
3 64
1 65
3 65
2 65
3 65
1 65
3 65
2 65
3 65
3 65
1 66
3 66
1 66
3 66
3 66
1 67
3 67
2 67
3 67
1 67
3 67
2 67
3 67
3 67
1 68
2 68
3 68
3 69
1 71
1 71
3 71
3 71
3 71
3 71
1 71
3 71
1 72
1 72
1 72
3 72
1 72
3 72
2 72
3 72
2 72
3 72
3 72
1 73
1 73
3 73
2 73
3 73
1 73
2 73
3 73
3 73
1 74
1 74
1 74
3 74
1 74
3 74
1 74
3 74
3 74
1 75
1 75
3 75
2 75
3 75
1 75
2 75
3 75
3 75
1 76
1 76
1 76
3 76
1 76
3 76
1 76
3 76
2 76
3 76
3 76
1 77
1 77
3 77
2 77
3 77
1 77
2 77
3 77
3 77
1 78
1 78
1 78
3 78
1 78
3 78
1 78
3 78
1 78
3 78
2 78
3 78
3 78
1 79
3 79
1 79
3 79
3 79
1 81
1 81
1 81
3 81
2 81
3 81
1 82
1 82
1 82
3 82
2 82
3 82
1 83
1 83
1 83
3 83
2 83
3 83
1 85
1 85
3 85
1 85
3 85
1 86
1 86
1 86
3 86
1 86
3 86
1 86
3 86
1 86
3 86
3 86
1 87
1 87
3 87
2 87
3 87
1 87
3 87
1 87
3 87
2 87
3 87
3 87
1 88
1 88
3 88
2 88
3 88
1 89
1 89
3 89
2 89
3 89
1 89
3 89
2 89
3 89
3 89
1 90
3 90
1 90
3 90
2 90
3 90
3 91
1 91
3 91
1 92
1 92
1 92
3 92
2 92
3 92
1 93
3 93
1 93
3 93
2 93
3 93
3 93
3 93
1 93
3 93
2 93
3 93
1 93
3 93
3 93
2 93
3 93
1 94
1 94
3 94
1 94
3 94
1 94
3 94
2 94
3 94
3 94
2 94
3 94
1 95
3 95
2 95
3 95
1 96
3 96
1 96
3 96
2 96
3 96
1 97
3 97
2 97
3 97
3 98
3 99
1 100
1 100
3 100
2 100
3 100
1 101
1 101
3 101
1 101
3 101
3 101
2 101
3 101
1 102
3 102
1 102
3 102
2 102
3 102
1 103
3 103
2 103
3 103
3 104
3 105
1 106
1 106
3 106
2 106
3 106
1 107
1 107
3 107
1 107
3 107
3 107
2 107
3 107
1 108
1 108
1 108
3 108
2 108
3 108
1 109
3 109
1 109
3 109
2 109
3 109
3 109
3 109
1 109
3 109
1 109
3 109
3 109
2 109
3 109
1 110
1 110
1 110
3 110
1 110
3 110
1 110
3 110
1 110
3 110
3 110
1 111
2 111
3 111
1 111
3 111
1 111
3 111
3 111
1 111
3 111
1 111
3 111
3 111
1 111
3 111
1 111
3 111
2 111
3 111
3 111
1 111
3 111
1 111
3 111
2 111
3 111
3 111
3 112
1 113
3 113
2 113
3 113
1 113
3 113
3 113
1 114
3 114
2 114
3 114
3 115
3 116
1 117
1 117
3 117
2 117
3 117
1 118
1 118
3 118
1 118
3 118
3 118
2 118
3 118
1 119
1 119
1 119
3 119
2 119
3 119
1 120
3 120
1 120
3 120
2 120
3 120
3 120
3 120
1 120
3 120
1 120
3 120
3 120
2 120
3 120
1 121
1 121
1 121
3 121
1 121
3 121
1 121
3 121
1 121
3 121
3 121
1 122
1 122
3 122
1 122
3 122
3 122
2 122
3 122
1 122
3 122
1 122
3 122
2 122
3 122
3 122
1 122
3 122
1 122
3 122
2 122
3 122
3 122
3 123
1 124
3 124
2 124
3 124
1 124
3 124
3 124
1 125
3 125
2 125
3 125
3 126
3 127
1 128
1 128
3 128
2 128
3 128
1 129
3 129
1 129
3 129
1 129
3 129
3 129
2 129
3 129
3 129
3 129
1 129
3 129
2 129
3 129
1 129
3 129
3 129
2 129
3 129
1 130
1 130
3 130
1 130
3 130
1 130
3 130
2 130
3 130
3 130
2 130
3 130
1 131
3 131
2 131
3 131
1 131
3 131
3 131
1 132
3 132
1 132
3 132
2 132
3 132
1 133
3 133
2 133
3 133
3 134
3 135
3 136
1 137
1 137
3 137
2 137
3 137
1 138
1 138
3 138
1 138
3 138
3 138
2 138
3 138
1 139
3 139
2 139
3 139
1 139
3 139
3 139
1 140
3 140
1 140
3 140
2 140
3 140
1 141
3 141
2 141
3 141
3 142
3 143
1 144
1 144
3 144
2 144
3 144
1 144
3 144
1 144
3 144
2 144
3 144
3 144
3 145
3 146
1 148
3 148
1 148
3 148
3 148
1 149
2 149
3 149
3 150
