16 11 1
10 11 2
1 11 3
3 11 0
1 11 4
1 11 5
3 11 0
1 11 6
1 11 5
3 11 0
3 11 0
3 11 0
1 11 5
3 11 0
16 12 1
10 12 2
1 12 7
3 12 0
1 12 8
1 12 5
3 12 0
1 12 9
1 12 5
3 12 0
1 12 10
1 12 5
3 12 0
3 12 0
3 12 0
1 12 5
3 12 0
16 13 1
10 13 2
1 13 11
3 13 0
1 13 8
1 13 5
3 13 0
1 13 9
1 13 5
3 13 0
1 13 10
1 13 5
3 13 0
3 13 0
3 13 0
1 13 5
3 13 0
16 14 1
10 14 2
1 14 12
3 14 0
1 14 8
1 14 5
3 14 0
3 14 0
3 14 0
1 14 5
3 14 0
16 15 1
10 15 2
1 15 13
3 15 0
1 15 14
1 15 5
3 15 0
3 15 0
3 15 0
1 15 5
3 15 0
16 16 1
10 16 2
1 16 15
3 16 0
1 16 14
1 16 5
3 16 0
1 16 16
1 16 5
3 16 0
3 16 0
3 16 0
1 16 5
3 16 0
16 17 1
1 17 17
10 17 2
1 17 18
3 17 0
1 17 19
1 17 5
3 17 0
1 17 20
1 17 5
3 17 0
3 17 0
3 17 0
1 17 5
3 17 0
16 18 1
1 18 17
10 18 2
1 18 21
3 18 0
1 18 22
1 18 5
3 18 0
3 18 0
3 18 0
1 18 5
3 18 0
16 19 1
1 19 17
10 19 2
1 19 23
3 19 0
1 19 22
1 19 5
3 19 0
3 19 0
3 19 0
1 19 5
3 19 0
17 21 24
1 21 4
1 21 25
3 21 0
1 21 26
1 21 27
3 21 0
17 22 24
1 22 28
1 22 25
3 22 0
3 22 0
17 23 24
1 23 29
1 23 25
3 23 0
1 23 30
3 23 0
17 24 24
1 24 31
1 24 25
3 24 0
2 24 0
3 24 0
17 25 24
1 25 32
1 25 25
3 25 0
3 25 0
17 27 24
1 27 33
1 27 25
3 27 0
10 27 2
3 27 0
17 28 24
1 28 34
1 28 25
3 28 0
11 28 35
3 28 0
17 29 24
1 29 36
1 29 25
3 29 0
12 29 37
3 29 0
17 30 24
1 30 38
1 30 25
3 30 0
13 30 39
3 30 0
17 31 24
1 31 40
1 31 25
3 31 0
14 31 41
3 31 0
17 32 24
1 32 42
1 32 25
3 32 0
15 32 43
3 32 0
17 33 24
1 33 44
1 33 25
3 33 0
16 33 1
3 33 0
17 34 24
1 34 45
1 34 25
3 34 0
17 34 24
3 34 0
10 36 2
1 36 46
3 36 0
1 36 47
1 36 5
3 36 0
3 36 0
3 36 0
1 36 5
3 36 0
15 37 43
2 37 0
3 37 0
3 37 0
2 37 0
3 37 0
1 37 47
3 37 0
3 37 0
3 37 0
1 37 47
3 37 0
2 37 0
3 37 0
3 37 0
3 37 0
2 37 0
3 37 0
1 37 47
3 37 0
3 37 0
3 37 0
1 37 47
3 37 0
2 37 0
3 37 0
3 37 0
3 37 0
1 37 47
3 37 0
2 37 0
3 37 0
3 37 0
3 38 0
10 40 2
1 40 48
3 40 0
1 40 47
1 40 5
3 40 0
3 40 0
3 40 0
1 40 5
3 40 0
15 41 43
3 41 0
2 41 0
3 41 0
1 41 47
3 41 0
3 41 0
3 41 0
1 41 47
3 41 0
2 41 0
3 41 0
3 41 0
3 42 0
10 44 2
1 44 49
3 44 0
1 44 47
1 44 5
3 44 0
3 44 0
3 44 0
1 44 5
3 44 0
15 45 43
2 45 0
3 45 0
3 45 0
1 45 47
3 45 0
2 45 0
3 45 0
3 45 0
3 45 0
1 45 47
3 45 0
2 45 0
3 45 0
3 45 0
3 45 0
1 45 47
3 45 0
2 45 0
3 45 0
3 45 0
3 45 0
1 45 47
3 45 0
2 45 0
3 45 0
3 45 0
3 46 0
10 48 2
1 48 50
3 48 0
1 48 47
1 48 5
3 48 0
3 48 0
3 48 0
1 48 5
3 48 0
15 49 43
2 49 0
3 49 0
3 49 0
1 49 47
3 49 0
2 49 0
3 49 0
3 49 0
3 49 0
1 49 47
3 49 0
2 49 0
3 49 0
3 49 0
3 49 0
1 49 47
3 49 0
2 49 0
3 49 0
3 49 0
3 49 0
1 49 47
3 49 0
2 49 0
3 49 0
3 49 0
3 50 0
10 52 2
1 52 51
3 52 0
1 52 47
1 52 5
3 52 0
3 52 0
3 52 0
1 52 5
3 52 0
15 53 43
2 53 0
3 53 0
3 53 0
1 53 47
3 53 0
2 53 0
3 53 0
3 53 0
3 53 0
1 53 47
3 53 0
2 53 0
3 53 0
3 53 0
3 53 0
1 53 47
3 53 0
2 53 0
3 53 0
3 53 0
3 53 0
1 53 47
3 53 0
2 53 0
3 53 0
3 53 0
3 53 0
1 53 47
3 53 0
2 53 0
3 53 0
3 53 0
3 53 0
1 53 47
3 53 0
2 53 0
3 53 0
3 53 0
3 53 0
1 53 47
3 53 0
2 53 0
3 53 0
3 53 0
3 53 0
1 53 47
3 53 0
2 53 0
3 53 0
3 53 0
3 53 0
1 53 47
3 53 0
2 53 0
3 53 0
3 53 0
3 53 0
1 53 47
3 53 0
2 53 0
3 53 0
3 53 0
3 53 0
1 53 47
3 53 0
2 53 0
3 53 0
3 53 0
3 53 0
1 53 47
3 53 0
2 53 0
3 53 0
3 53 0
3 53 0
1 53 47
3 53 0
2 53 0
3 53 0
3 53 0
3 53 0
1 53 47
3 53 0
2 53 0
3 53 0
3 53 0
3 54 0
10 56 2
1 56 52
3 56 0
1 56 53
1 56 5
3 56 0
1 56 54
1 56 5
3 56 0
1 56 30
1 56 5
3 56 0
3 56 0
3 56 0
1 56 5
3 56 0
11 57 35
1 57 55
1 57 5
3 57 0
2 57 0
3 57 0
14 58 41
1 58 55
3 58 0
1 58 30
3 58 0
12 59 37
1 59 13
3 59 0
1 59 53
3 59 0
1 59 55
3 59 0
3 59 0
1 59 13
3 59 0
1 59 54
3 59 0
1 59 55
3 59 0
3 59 0
15 59 43
2 59 0
3 59 0
3 59 0
1 60 55
3 60 0
1 60 55
3 60 0
2 60 0
3 60 0
3 61 0
15 62 43
2 62 0
3 62 0
3 63 0
10 66 2
1 66 56
3 66 0
1 66 57
1 66 5
3 66 0
1 66 10
1 66 5
3 66 0
1 66 58
1 66 5
3 66 0
3 66 0
3 66 0
1 66 5
3 66 0
12 67 37
1 67 52
3 67 0
1 67 57
3 67 0
1 67 58
3 67 0
1 67 10
3 67 0
3 67 0
2 67 0
3 67 0
15 67 43
2 67 0
3 67 0
3 67 0
12 68 37
1 68 13
3 68 0
1 68 58
3 68 0
1 68 10
3 68 0
3 68 0
2 68 0
3 68 0
15 68 43
2 68 0
3 68 0
3 68 0
15 69 43
2 69 0
3 69 0
3 70 0
10 72 2
1 72 59
3 72 0
1 72 57
1 72 5
3 72 0
1 72 10
1 72 5
3 72 0
3 72 0
3 72 0
1 72 5
3 72 0
12 73 37
1 73 56
3 73 0
1 73 57
3 73 0
1 73 10
3 73 0
1 73 33
3 73 0
3 73 0
2 73 0
3 73 0
15 73 43
2 73 0
3 73 0
3 73 0
12 74 37
1 74 56
3 74 0
1 74 57
3 74 0
1 74 10
3 74 0
1 74 34
3 74 0
3 74 0
2 74 0
3 74 0
15 74 43
2 74 0
3 74 0
3 74 0
12 75 37
1 75 56
3 75 0
1 75 57
3 75 0
1 75 10
3 75 0
1 75 36
3 75 0
3 75 0
2 75 0
3 75 0
15 75 43
2 75 0
3 75 0
3 75 0
12 76 37
1 76 56
3 76 0
1 76 57
3 76 0
1 76 10
3 76 0
1 76 38
3 76 0
3 76 0
2 76 0
3 76 0
15 76 43
2 76 0
3 76 0
3 76 0
12 77 37
1 77 56
3 77 0
1 77 57
3 77 0
1 77 10
3 77 0
1 77 40
3 77 0
3 77 0
2 77 0
3 77 0
15 77 43
2 77 0
3 77 0
3 77 0
12 78 37
1 78 56
3 78 0
1 78 57
3 78 0
1 78 10
3 78 0
1 78 42
3 78 0
3 78 0
2 78 0
3 78 0
15 78 43
2 78 0
3 78 0
3 78 0
12 79 37
1 79 56
3 79 0
1 79 57
3 79 0
1 79 10
3 79 0
1 79 44
3 79 0
3 79 0
2 79 0
3 79 0
15 79 43
2 79 0
3 79 0
3 79 0
12 80 37
1 80 56
3 80 0
1 80 57
3 80 0
1 80 10
3 80 0
1 80 45
3 80 0
3 80 0
2 80 0
3 80 0
15 80 43
2 80 0
3 80 0
3 80 0
15 81 43
2 81 0
3 81 0
3 82 0
10 86 2
1 86 60
3 86 0
1 86 61
1 86 5
3 86 0
1 86 9
1 86 5
3 86 0
1 86 62
1 86 5
3 86 0
1 86 10
1 86 5
3 86 0
3 86 0
3 86 0
1 86 5
3 86 0
11 87 35
1 87 63
1 87 5
3 87 0
1 87 13
3 87 0
1 87 61
3 87 0
3 87 0
1 87 13
3 87 0
1 87 61
3 87 0
2 87 0
3 87 0
3 87 0
2 87 0
3 87 0
11 88 35
1 88 64
1 88 5
3 88 0
2 88 0
3 88 0
14 89 41
1 89 64
3 89 0
1 89 63
3 89 0
11 90 35
1 90 65
1 90 5
3 90 0
1 90 61
3 90 0
2 90 0
3 90 0
1 90 64
3 90 0
2 90 0
3 90 0
12 91 37
1 91 13
3 91 0
1 91 65
3 91 0
3 91 0
1 91 10
3 91 0
12 92 37
1 92 52
3 92 0
1 92 9
3 92 0
1 92 13
3 92 0
1 92 65
3 92 0
2 92 0
3 92 0
3 92 0
1 92 13
3 92 0
1 92 65
3 92 0
2 92 0
3 92 0
3 92 0
2 92 0
3 92 0
1 92 9
3 92 0
1 92 62
3 92 0
1 92 10
3 92 0
3 92 0
2 92 0
3 92 0
15 93 43
1 93 64
3 93 0
2 93 0
3 93 0
3 94 0
3 95 0
1 96 64
3 96 0
1 96 64
3 96 0
2 96 0
3 96 0
3 97 0
11 98 35
1 98 66
1 98 5
3 98 0
1 98 61
3 98 0
2 98 0
3 98 0
1 98 63
3 98 0
2 98 0
3 98 0
1 99 15
3 99 0
1 99 66
3 99 0
1 99 10
3 99 0
3 99 0
1 100 15
3 100 0
1 100 66
3 100 0
2 100 0
3 100 0
1 100 62
3 100 0
2 100 0
3 100 0
3 100 0
1 101 15
3 101 0
1 101 66
3 101 0
2 101 0
3 101 0
1 101 62
3 101 0
2 101 0
3 101 0
3 101 0
11 102 35
1 102 67
1 102 5
3 102 0
1 102 63
3 102 0
2 102 0
3 102 0
1 103 15
3 103 0
1 103 61
3 103 0
1 103 67
3 103 0
2 103 0
3 103 0
3 103 0
1 104 15
3 104 0
1 104 61
3 104 0
2 104 0
3 104 0
1 104 67
3 104 0
2 104 0
3 104 0
3 104 0
15 105 43
1 105 67
3 105 0
3 106 0
10 108 2
1 108 68
3 108 0
1 108 69
1 108 5
3 108 0
3 108 0
3 108 0
1 108 5
3 108 0
12 109 37
1 109 69
3 109 0
2 109 0
3 109 0
1 110 11
3 110 0
2 110 0
3 110 0
1 110 31
3 110 0
2 110 0
3 110 0
3 110 0
15 111 43
2 111 0
3 111 0
3 112 0
11 113 35
1 113 30
1 113 5
3 113 0
1 113 69
3 113 0
11 114 35
1 114 70
1 114 5
3 114 0
2 114 0
3 114 0
14 115 41
1 115 30
3 115 0
2 115 0
3 115 0
1 116 70
3 116 0
1 116 70
3 116 0
2 116 0
3 116 0
11 117 35
1 117 71
1 117 5
3 117 0
1 117 30
3 117 0
2 117 0
3 117 0
1 118 15
3 118 0
1 118 32
3 118 0
1 118 70
3 118 0
1 118 71
3 118 0
2 118 0
3 118 0
3 118 0
1 119 30
3 119 0
1 119 30
3 119 0
2 119 0
3 119 0
3 120 0
1 121 11
3 121 0
2 121 0
3 121 0
1 121 32
3 121 0
1 121 70
3 121 0
2 121 0
3 121 0
1 121 70
3 121 0
3 121 0
15 122 43
2 122 0
3 122 0
3 123 0
10 125 2
1 125 72
3 125 0
1 125 73
1 125 5
3 125 0
1 125 74
1 125 5
3 125 0
1 125 75
1 125 5
3 125 0
3 125 0
3 125 0
1 125 5
3 125 0
1 126 68
3 126 0
1 126 73
3 126 0
3 126 0
1 127 11
3 127 0
2 127 0
3 127 0
1 127 28
3 127 0
2 127 0
3 127 0
3 127 0
1 128 68
3 128 0
1 128 74
3 128 0
3 128 0
1 129 11
3 129 0
2 129 0
3 129 0
1 129 28
3 129 0
2 129 0
3 129 0
3 129 0
1 130 68
3 130 0
1 130 75
3 130 0
3 130 0
1 131 11
3 131 0
2 131 0
3 131 0
1 131 29
3 131 0
2 131 0
3 131 0
3 131 0
15 132 43
2 132 0
3 132 0
3 133 0
10 135 2
1 135 76
3 135 0
3 135 0
3 135 0
3 135 0
1 135 5
3 135 0
11 136 35
1 136 22
1 136 5
3 136 0
1 136 18
3 136 0
2 136 0
3 136 0
2 136 0
3 136 0
3 136 0
12 137 37
1 137 22
3 137 0
2 137 0
3 137 0
15 137 43
2 137 0
3 137 0
3 137 0
11 138 35
1 138 9
1 138 5
3 138 0
1 138 21
3 138 0
1 138 22
3 138 0
3 138 0
12 139 37
1 139 9
3 139 0
2 139 0
3 139 0
15 139 43
2 139 0
3 139 0
3 139 0
11 140 35
1 140 61
1 140 5
3 140 0
1 140 21
3 140 0
1 140 22
3 140 0
3 140 0
12 141 37
1 141 61
3 141 0
2 141 0
3 141 0
15 141 43
2 141 0
3 141 0
3 141 0
1 142 15
3 142 0
1 142 61
3 142 0
2 142 0
3 142 0
3 142 0
1 143 15
3 143 0
1 143 61
3 143 0
2 143 0
3 143 0
2 143 0
3 143 0
3 143 0
11 144 35
1 144 8
1 144 5
3 144 0
1 144 3
3 144 0
1 144 4
3 144 0
2 144 0
3 144 0
3 144 0
12 145 37
1 145 8
3 145 0
2 145 0
3 145 0
15 145 43
2 145 0
3 145 0
3 145 0
11 146 35
1 146 10
1 146 5
3 146 0
1 146 7
3 146 0
1 146 8
3 146 0
1 146 9
3 146 0
2 146 0
3 146 0
3 146 0
1 147 12
3 147 0
1 147 8
3 147 0
3 147 0
11 149 35
1 149 77
1 149 5
3 149 0
2 149 0
3 149 0
11 150 35
1 150 74
1 150 5
3 150 0
2 150 0
3 150 0
11 151 35
1 151 78
1 151 5
3 151 0
2 151 0
3 151 0
14 153 41
1 153 77
3 153 0
1 153 10
3 153 0
11 154 35
1 154 47
1 154 5
3 154 0
1 154 13
3 154 0
1 154 9
3 154 0
1 154 77
3 154 0
3 154 0
12 155 37
1 155 47
3 155 0
2 155 0
3 155 0
1 155 74
3 155 0
1 155 74
3 155 0
2 155 0
3 155 0
3 155 0
12 156 37
1 156 78
3 156 0
2 156 0
3 156 0
12 157 37
1 157 47
3 157 0
2 157 0
3 157 0
1 157 78
3 157 0
2 157 0
3 157 0
3 157 0
1 158 77
3 158 0
1 158 77
3 158 0
2 158 0
3 158 0
3 159 0
13 159 39
3 159 0
11 160 35
1 160 79
1 160 5
3 160 0
2 160 0
3 160 0
12 161 37
3 161 0
1 161 47
3 161 0
2 161 0
3 161 0
3 161 0
3 161 0
1 161 77
3 161 0
2 161 0
3 161 0
1 161 10
3 161 0
3 161 0
2 161 0
3 161 0
12 162 37
1 162 13
3 162 0
1 162 9
3 162 0
1 162 77
3 162 0
2 162 0
3 162 0
3 162 0
2 162 0
3 162 0
1 163 78
3 163 0
2 163 0
3 163 0
1 164 77
3 164 0
1 164 77
3 164 0
2 164 0
3 164 0
1 165 79
3 165 0
2 165 0
3 165 0
3 166 0
3 167 0
12 168 37
1 168 79
3 168 0
2 168 0
3 168 0
12 169 37
1 169 49
3 169 0
1 169 47
3 169 0
3 169 0
2 169 0
3 169 0
1 170 77
3 170 0
1 170 77
3 170 0
2 170 0
3 170 0
1 171 79
3 171 0
2 171 0
3 171 0
3 172 0
3 173 0
12 174 37
1 174 79
3 174 0
2 174 0
3 174 0
12 175 37
1 175 46
3 175 0
1 175 47
3 175 0
3 175 0
2 175 0
3 175 0
11 176 35
1 176 62
1 176 5
3 176 0
1 176 77
3 176 0
11 177 35
1 177 80
1 177 5
3 177 0
2 177 0
3 177 0
14 178 41
3 178 0
1 178 80
3 178 0
2 178 0
3 178 0
3 178 0
3 178 0
1 178 77
3 178 0
1 178 10
3 178 0
3 178 0
2 178 0
3 178 0
11 179 35
1 179 71
1 179 5
3 179 0
1 179 13
3 179 0
1 179 9
3 179 0
1 179 77
3 179 0
3 179 0
12 180 37
2 180 0
3 180 0
1 180 46
3 180 0
1 180 71
3 180 0
3 180 0
1 180 48
3 180 0
1 180 71
3 180 0
3 180 0
1 180 77
3 180 0
1 180 77
3 180 0
2 180 0
3 180 0
3 180 0
13 180 39
3 180 0
1 180 80
3 180 0
2 180 0
3 180 0
3 180 0
3 181 0
1 182 72
3 182 0
1 182 59
3 182 0
1 182 9
3 182 0
1 182 62
3 182 0
1 182 77
3 182 0
1 182 62
3 182 0
3 182 0
1 182 74
3 182 0
1 182 60
3 182 0
1 182 61
3 182 0
1 182 9
3 182 0
1 182 62
3 182 0
1 182 77
3 182 0
1 182 62
3 182 0
3 182 0
3 182 0
1 183 79
3 183 0
2 183 0
3 183 0
3 184 0
3 185 0
12 186 37
1 186 79
3 186 0
2 186 0
3 186 0
12 187 37
1 187 48
3 187 0
1 187 47
3 187 0
3 187 0
2 187 0
3 187 0
11 188 35
1 188 81
1 188 5
3 188 0
2 188 0
3 188 0
14 189 41
3 189 0
1 189 81
3 189 0
2 189 0
3 189 0
3 189 0
3 189 0
1 189 77
3 189 0
1 189 10
3 189 0
3 189 0
2 189 0
3 189 0
11 190 35
1 190 65
1 190 5
3 190 0
1 190 13
3 190 0
1 190 9
3 190 0
1 190 77
3 190 0
3 190 0
12 191 37
1 191 48
3 191 0
1 191 65
3 191 0
3 191 0
2 191 0
3 191 0
1 191 77
3 191 0
1 191 77
3 191 0
2 191 0
3 191 0
3 191 0
13 191 39
3 191 0
1 191 81
3 191 0
2 191 0
3 191 0
3 191 0
3 192 0
1 193 72
3 193 0
2 193 0
3 193 0
1 193 74
3 193 0
2 193 0
3 193 0
3 193 0
1 194 79
3 194 0
2 194 0
3 194 0
3 195 0
3 196 0
12 197 37
1 197 79
3 197 0
2 197 0
3 197 0
12 198 37
3 198 0
1 198 50
3 198 0
1 198 47
3 198 0
3 198 0
2 198 0
3 198 0
3 198 0
3 198 0
1 198 77
3 198 0
2 198 0
3 198 0
1 198 10
3 198 0
3 198 0
2 198 0
3 198 0
12 199 37
1 199 13
3 199 0
1 199 9
3 199 0
1 199 77
3 199 0
2 199 0
3 199 0
3 199 0
2 199 0
3 199 0
1 200 72
3 200 0
2 200 0
3 200 0
1 200 74
3 200 0
2 200 0
3 200 0
3 200 0
1 201 77
3 201 0
1 201 77
3 201 0
2 201 0
3 201 0
1 202 79
3 202 0
2 202 0
3 202 0
3 203 0
3 204 0
3 205 0
12 206 37
1 206 79
3 206 0
2 206 0
3 206 0
12 207 37
1 207 51
3 207 0
1 207 47
3 207 0
3 207 0
2 207 0
3 207 0
1 208 72
3 208 0
2 208 0
3 208 0
1 208 74
3 208 0
2 208 0
3 208 0
3 208 0
1 209 77
3 209 0
1 209 77
3 209 0
2 209 0
3 209 0
1 210 79
3 210 0
2 210 0
3 210 0
3 211 0
3 212 0
12 213 37
1 213 79
3 213 0
2 213 0
3 213 0
1 213 77
3 213 0
1 213 77
3 213 0
2 213 0
3 213 0
3 213 0
3 214 0
3 215 0
1 217 23
3 217 0
1 217 22
3 217 0
3 217 0
15 218 43
2 218 0
3 218 0
3 219 0
