16 11
10 11
1 11
3 11
1 11
1 11
3 11
1 11
1 11
3 11
3 11
3 11
1 11
3 11
16 12
10 12
1 12
3 12
1 12
1 12
3 12
1 12
1 12
3 12
1 12
1 12
3 12
3 12
3 12
1 12
3 12
16 13
10 13
1 13
3 13
1 13
1 13
3 13
1 13
1 13
3 13
1 13
1 13
3 13
3 13
3 13
1 13
3 13
16 14
10 14
1 14
3 14
1 14
1 14
3 14
3 14
3 14
1 14
3 14
16 15
10 15
1 15
3 15
1 15
1 15
3 15
3 15
3 15
1 15
3 15
16 16
10 16
1 16
3 16
1 16
1 16
3 16
1 16
1 16
3 16
3 16
3 16
1 16
3 16
16 17
1 17
10 17
1 17
3 17
1 17
1 17
3 17
1 17
1 17
3 17
3 17
3 17
1 17
3 17
16 18
1 18
10 18
1 18
3 18
1 18
1 18
3 18
3 18
3 18
1 18
3 18
16 19
1 19
10 19
1 19
3 19
1 19
1 19
3 19
3 19
3 19
1 19
3 19
17 21
1 21
1 21
3 21
1 21
1 21
3 21
17 22
1 22
1 22
3 22
3 22
17 23
1 23
1 23
3 23
1 23
3 23
17 24
1 24
1 24
3 24
2 24
3 24
17 25
1 25
1 25
3 25
3 25
17 27
1 27
1 27
3 27
10 27
3 27
17 28
1 28
1 28
3 28
11 28
3 28
17 29
1 29
1 29
3 29
12 29
3 29
17 30
1 30
1 30
3 30
13 30
3 30
17 31
1 31
1 31
3 31
14 31
3 31
17 32
1 32
1 32
3 32
15 32
3 32
17 33
1 33
1 33
3 33
16 33
3 33
17 34
1 34
1 34
3 34
17 34
3 34
10 36
1 36
3 36
1 36
1 36
3 36
3 36
3 36
1 36
3 36
15 37
2 37
3 37
3 37
2 37
3 37
1 37
3 37
3 37
3 37
1 37
3 37
2 37
3 37
3 37
3 37
2 37
3 37
1 37
3 37
3 37
3 37
1 37
3 37
2 37
3 37
3 37
3 37
1 37
3 37
2 37
3 37
3 37
3 38
10 40
1 40
3 40
1 40
1 40
3 40
3 40
3 40
1 40
3 40
15 41
3 41
2 41
3 41
1 41
3 41
3 41
3 41
1 41
3 41
2 41
3 41
3 41
3 42
10 44
1 44
3 44
1 44
1 44
3 44
3 44
3 44
1 44
3 44
15 45
2 45
3 45
3 45
1 45
3 45
2 45
3 45
3 45
3 45
1 45
3 45
2 45
3 45
3 45
3 45
1 45
3 45
2 45
3 45
3 45
3 45
1 45
3 45
2 45
3 45
3 45
3 46
10 48
1 48
3 48
1 48
1 48
3 48
3 48
3 48
1 48
3 48
15 49
2 49
3 49
3 49
1 49
3 49
2 49
3 49
3 49
3 49
1 49
3 49
2 49
3 49
3 49
3 49
1 49
3 49
2 49
3 49
3 49
3 49
1 49
3 49
2 49
3 49
3 49
3 50
10 52
1 52
3 52
1 52
1 52
3 52
3 52
3 52
1 52
3 52
15 53
2 53
3 53
3 53
1 53
3 53
2 53
3 53
3 53
3 53
1 53
3 53
2 53
3 53
3 53
3 53
1 53
3 53
2 53
3 53
3 53
3 53
1 53
3 53
2 53
3 53
3 53
3 53
1 53
3 53
2 53
3 53
3 53
3 53
1 53
3 53
2 53
3 53
3 53
3 53
1 53
3 53
2 53
3 53
3 53
3 53
1 53
3 53
2 53
3 53
3 53
3 53
1 53
3 53
2 53
3 53
3 53
3 53
1 53
3 53
2 53
3 53
3 53
3 53
1 53
3 53
2 53
3 53
3 53
3 53
1 53
3 53
2 53
3 53
3 53
3 53
1 53
3 53
2 53
3 53
3 53
3 53
1 53
3 53
2 53
3 53
3 53
3 54
10 58
1 58
3 58
1 58
1 58
3 58
1 58
1 58
3 58
1 58
1 58
3 58
3 58
3 58
1 58
3 58
11 59
1 59
1 59
3 59
2 59
3 59
14 60
1 60
3 60
1 60
3 60
12 61
1 61
3 61
1 61
3 61
1 61
3 61
3 61
1 61
3 61
1 61
3 61
1 61
3 61
3 61
15 61
2 61
3 61
3 61
1 62
3 62
1 62
3 62
2 62
3 62
3 63
12 64
1 64
3 64
1 64
3 64
1 64
3 64
3 64
2 64
3 64
15 64
2 64
3 64
3 64
15 65
2 65
3 65
3 66
10 69
1 69
3 69
1 69
1 69
3 69
1 69
1 69
3 69
3 69
3 69
1 69
3 69
12 70
1 70
3 70
1 70
3 70
1 70
3 70
1 70
3 70
3 70
2 70
3 70
15 70
2 70
3 70
3 70
12 71
1 71
3 71
1 71
3 71
1 71
3 71
1 71
3 71
3 71
2 71
3 71
15 71
2 71
3 71
3 71
12 72
1 72
3 72
1 72
3 72
1 72
3 72
1 72
3 72
3 72
2 72
3 72
15 72
2 72
3 72
3 72
12 73
1 73
3 73
1 73
3 73
1 73
3 73
1 73
3 73
3 73
2 73
3 73
15 73
2 73
3 73
3 73
12 74
1 74
3 74
1 74
3 74
1 74
3 74
1 74
3 74
3 74
2 74
3 74
15 74
2 74
3 74
3 74
12 75
1 75
3 75
1 75
3 75
1 75
3 75
1 75
3 75
3 75
2 75
3 75
15 75
2 75
3 75
3 75
12 76
1 76
3 76
1 76
3 76
1 76
3 76
1 76
3 76
3 76
2 76
3 76
15 76
2 76
3 76
3 76
12 77
1 77
3 77
1 77
3 77
1 77
3 77
1 77
3 77
3 77
2 77
3 77
15 77
2 77
3 77
3 77
15 78
2 78
3 78
3 79
10 81
1 81
3 81
1 81
1 81
3 81
3 81
3 81
1 81
3 81
12 82
1 82
3 82
2 82
3 82
1 83
3 83
2 83
3 83
1 83
3 83
2 83
3 83
3 83
15 84
2 84
3 84
3 85
11 86
1 86
1 86
3 86
1 86
3 86
11 87
1 87
1 87
3 87
2 87
3 87
14 88
1 88
3 88
2 88
3 88
1 89
3 89
1 89
3 89
2 89
3 89
11 90
1 90
1 90
3 90
1 90
3 90
2 90
3 90
1 91
3 91
1 91
3 91
1 91
3 91
1 91
3 91
2 91
3 91
3 91
1 92
3 92
1 92
3 92
2 92
3 92
3 93
1 94
3 94
2 94
3 94
1 94
3 94
1 94
3 94
2 94
3 94
1 94
3 94
3 94
15 95
2 95
3 95
3 96
10 98
1 98
3 98
1 98
1 98
3 98
1 98
1 98
3 98
3 98
3 98
1 98
3 98
1 99
3 99
1 99
3 99
3 99
1 100
3 100
2 100
3 100
1 100
3 100
2 100
3 100
3 100
1 101
3 101
1 101
3 101
3 101
1 102
3 102
2 102
3 102
1 102
3 102
2 102
3 102
3 102
15 103
2 103
3 103
3 104
10 106
1 106
3 106
3 106
3 106
3 106
1 106
3 106
11 107
1 107
1 107
3 107
1 107
3 107
2 107
3 107
2 107
3 107
3 107
12 108
1 108
3 108
2 108
3 108
15 108
2 108
3 108
3 108
11 109
1 109
1 109
3 109
1 109
3 109
1 109
3 109
3 109
12 110
1 110
3 110
2 110
3 110
15 110
2 110
3 110
3 110
11 111
1 111
1 111
3 111
1 111
3 111
1 111
3 111
2 111
3 111
3 111
12 112
1 112
3 112
2 112
3 112
15 112
2 112
3 112
3 112
11 113
1 113
1 113
3 113
1 113
3 113
1 113
3 113
1 113
3 113
2 113
3 113
3 113
1 114
3 114
1 114
3 114
3 114
11 116
1 116
1 116
3 116
2 116
3 116
11 117
1 117
1 117
3 117
2 117
3 117
11 118
1 118
1 118
3 118
2 118
3 118
14 120
1 120
3 120
1 120
3 120
11 121
1 121
1 121
3 121
1 121
3 121
1 121
3 121
1 121
3 121
3 121
12 122
1 122
3 122
2 122
3 122
1 122
3 122
1 122
3 122
2 122
3 122
3 122
12 123
1 123
3 123
2 123
3 123
12 124
1 124
3 124
2 124
3 124
1 124
3 124
2 124
3 124
3 124
1 125
3 125
1 125
3 125
2 125
3 125
3 126
13 126
3 126
11 127
1 127
1 127
3 127
2 127
3 127
12 128
3 128
1 128
3 128
2 128
3 128
3 128
3 128
1 128
3 128
2 128
3 128
1 128
3 128
3 128
2 128
3 128
12 129
1 129
3 129
1 129
3 129
1 129
3 129
2 129
3 129
3 129
2 129
3 129
1 130
3 130
2 130
3 130
1 131
3 131
1 131
3 131
2 131
3 131
1 132
3 132
2 132
3 132
3 133
3 134
12 135
1 135
3 135
2 135
3 135
12 136
1 136
3 136
1 136
3 136
3 136
2 136
3 136
1 137
3 137
1 137
3 137
2 137
3 137
1 138
3 138
2 138
3 138
3 139
3 140
12 141
1 141
3 141
2 141
3 141
12 142
1 142
3 142
1 142
3 142
3 142
2 142
3 142
11 143
1 143
1 143
3 143
1 143
3 143
11 144
1 144
1 144
3 144
2 144
3 144
14 145
3 145
1 145
3 145
2 145
3 145
3 145
3 145
1 145
3 145
1 145
3 145
3 145
2 145
3 145
11 146
1 146
1 146
3 146
1 146
3 146
1 146
3 146
1 146
3 146
3 146
12 147
2 147
3 147
1 147
3 147
1 147
3 147
3 147
1 147
3 147
1 147
3 147
3 147
1 147
3 147
1 147
3 147
2 147
3 147
3 147
13 147
3 147
1 147
3 147
2 147
3 147
3 147
3 148
1 149
3 149
1 149
3 149
1 149
3 149
1 149
3 149
1 149
3 149
1 149
3 149
3 149
1 149
3 149
3 149
1 150
3 150
2 150
3 150
3 151
3 152
12 153
1 153
3 153
2 153
3 153
12 154
1 154
3 154
1 154
3 154
3 154
2 154
3 154
11 155
1 155
1 155
3 155
2 155
3 155
14 156
3 156
1 156
3 156
2 156
3 156
3 156
3 156
1 156
3 156
1 156
3 156
3 156
2 156
3 156
11 157
1 157
1 157
3 157
1 157
3 157
1 157
3 157
1 157
3 157
3 157
12 158
1 158
3 158
1 158
3 158
3 158
2 158
3 158
1 158
3 158
1 158
3 158
2 158
3 158
3 158
13 158
3 158
1 158
3 158
2 158
3 158
3 158
3 159
1 160
3 160
2 160
3 160
1 160
3 160
3 160
1 161
3 161
2 161
3 161
3 162
3 163
12 164
1 164
3 164
2 164
3 164
12 165
3 165
1 165
3 165
1 165
3 165
3 165
2 165
3 165
3 165
3 165
1 165
3 165
2 165
3 165
1 165
3 165
3 165
2 165
3 165
12 166
1 166
3 166
1 166
3 166
1 166
3 166
2 166
3 166
3 166
2 166
3 166
1 167
3 167
2 167
3 167
1 167
3 167
3 167
1 168
3 168
1 168
3 168
2 168
3 168
1 169
3 169
2 169
3 169
3 170
3 171
3 172
12 173
1 173
3 173
2 173
3 173
12 174
1 174
3 174
1 174
3 174
3 174
2 174
3 174
1 175
3 175
2 175
3 175
1 175
3 175
3 175
1 176
3 176
1 176
3 176
2 176
3 176
1 177
3 177
2 177
3 177
3 178
3 179
12 180
1 180
3 180
2 180
3 180
1 180
3 180
1 180
3 180
2 180
3 180
3 180
3 181
3 182
1 184
3 184
1 184
3 184
3 184
15 185
2 185
3 185
3 186
